77.890 73.988 0.0
62.003 83.164 0.0
80.246 44.889 0.0
29.541 33.684 0.0
62.424 0.91 0.0
27.459 3.36 0.0
65.599 44.27 0.0
82.046 56.773 0.0
61.465 57.016 0.0
86.615 5.074 0.0
25.983 30.14 0.0
24.963 40.337 0.0
38.527 84.002 0.0
85.502 96.748 0.0
5.81 16.412 0.0
31.013 21.41 0.0
58.915 92.766 0.0
31.602 29.425 0.0
28.079 9.26 0.0
97.932 89.688 0.0
53.917 39.179 0.0
63.23 47.139 0.0
38.626 45.852 0.0
88.688 62.396 0.0
90.128 4.097 0.0
74.746 23.516 0.0
59.265 78.606 0.0
56.968 36.47 0.0
23.547 45.141 0.0
45.948 23.631 0.0
2.838 70.465 0.0
83.683 22.407 0.0
10.763 79.57 0.0
47.076 78.388 0.0
46.952 25.591 0.0
71.96 78.246 0.0
45.318 38.803 0.0
97.638 49.062 0.0
83.921 6.361 0.0
59.594 19.836 0.0
33.905 60.024 0.0
82.335 22.138 0.0
55.212 50.465 0.0
78.054 20.816 0.0
34.732 60.19 0.0
41.387 73.11 0.0
72.943 55.546 0.0
48.596 95.212 0.0
90.295 42.185 0.0
6.091 92.177 0.0
68.836 78.933 0.0
17.203 49.552 0.0
29.633 71.707 0.0
93.37 79.165 0.0
24.267 62.399 0.0
25.835 76.735 0.0
5.4 74.596 0.0
20.578 87.694 0.0
43.888 47.391 0.0
24.63 2.044 0.0
66.267 26.462 0.0
29.619 57.949 0.0
45.779 8.005 0.0
54.846 52.572 0.0
35.108 96.652 0.0
91.981 28.91 0.0
83.944 14.367 0.0
23.966 27.608 0.0
29.666 12.312 0.0
88.908 56.074 0.0
98.288 44.563 0.0
36.326 22.67 0.0
59.668 90.179 0.0
64.435 20.74 0.0
39.958 69.764 0.0
39.364 37.214 0.0
48.802 24.159 0.0
90.473 45.748 0.0
82.98 50.488 0.0
99.997 39.355 0.0
96.93 35.785 0.0
73.262 25.057 0.0
90.817 81.959 0.0
12.994 79.39 0.0
44.106 14.991 0.0
31.46 37.063 0.0
58.065 99.573 0.0
32.738 12.24 0.0
18.257 45.447 0.0
22.236 70.71 0.0
77.474 65.292 0.0
27.975 47.221 0.0
55.306 38.948 0.0
27.78 19.607 0.0
70.348 92.778 0.0
98.498 38.79 0.0
48.606 18.423 0.0
51.931 68.634 0.0
49.642 50.457 0.0
50.592 30.503 0.0
90.116 123.072 0.0
22.409 105.502 0.0
71.831 113.849 0.0
15.278 114.475 0.0
90.761 118.227 0.0
90.312 120.45 0.0
60.881 116.125 0.0
87.045 123.129 0.0
63.938 102.553 0.0
29.617 113.61 0.0
24.134 113.36 0.0
1.282 111.127 0.0
12.703 120.19 0.0
65.613 105.926 0.0
54.246 109.695 0.0
15.709 103.087 0.0
94.998 101.827 0.0
87.175 106.488 0.0
97.343 112.278 0.0
78.129 116.427 0.0
195.428 2.398 0.0
122.628 11.154 0.0
186.383 99.348 0.0
189.923 74.671 0.0
138.671 81.984 0.0
104.028 54.535 0.0
163.45 28.979 0.0
190.34 35.29 0.0
160.336 0.385 0.0
151.069 66.029 0.0
157.179 4.495 0.0
111.875 20.739 0.0
159.248 49.308 0.0
182.957 48.497 0.0
164.342 70.576 0.0
123.727 47.299 0.0
183.656 58.692 0.0
164.381 37.086 0.0
112.882 95.096 0.0
118.21 53.138 0.0
103.252 57.321 0.0
100.445 62.776 0.0
157.022 65.328 0.0
138.298 43.562 0.0
194.429 96.175 0.0
108.96 83.483 0.0
148.827 86.786 0.0
151.664 24.745 0.0
195.256 29.222 0.0
139.762 43.816 0.0
171.869 56.964 0.0
106.034 43.379 0.0
160.224 87.656 0.0
194.706 87.126 0.0
106.52 89.411 0.0
189.358 18.254 0.0
167.879 30.421 0.0
106.31 22.922 0.0
122.522 74.569 0.0
114.206 50.493 0.0
136.14 78.856 0.0
148.374 73.539 0.0
119.535 57.905 0.0
104.314 7.418 0.0
125.83 19.895 0.0
117.36 4.144 0.0
134.991 0.286 0.0
125.416 56.044 0.0
162.989 8.388 0.0
150.625 40.818 0.0
140.391 35.849 0.0
196.978 43.432 0.0
157.082 62.538 0.0
103.219 82.835 0.0
129.732 29.001 0.0
190.795 27.249 0.0
131.836 78.18 0.0
128.722 23.573 0.0
163.838 87.132 0.0
108.043 20.369 0.0
175.628 90.199 0.0
181.687 16.905 0.0
118.925 87.787 0.0
102.057 45.42 0.0
172.755 83.517 0.0
118.821 77.079 0.0
140.096 67.044 0.0
117.569 53.144 0.0
107.054 44.078 0.0
169.258 55.569 0.0
155.521 90.248 0.0
162.881 16.591 0.0
188.915 0.58 0.0
189.185 96.165 0.0
111.097 9.528 0.0
183.197 70.774 0.0
155.148 27.215 0.0
195.111 29.689 0.0
124.893 7.669 0.0
130.322 42.275 0.0
136 52.601 0.0
107.763 64.377 0.0
161.579 72.022 0.0
171.728 19.942 0.0
126.567 67.67 0.0
199.924 96.7 0.0
109.521 44.166 0.0
126.752 73.625 0.0
176.884 53.39 0.0
130.947 35.784 0.0
143.342 91.572 0.0
111.339 35.257 0.0
182.428 10.274 0.0
160.04 6.671 0.0
127.045 95.732 0.0
162.635 76.957 0.0
158.761 10.313 0.0
165.945 24.744 0.0
147.97 62.843 0.0
176.511 32 0.0
170.416 113.702 0.0
181.936 104.847 0.0
180.494 111.013 0.0
104.288 113.482 0.0
135.899 122.717 0.0
152.616 122.094 0.0
146.051 100.255 0.0
112.386 119.831 0.0
102.238 104.234 0.0
155.861 116.643 0.0
129.778 103.203 0.0
187.059 105.185 0.0
132.042 113.689 0.0
194.835 122.345 0.0
127.777 120.941 0.0
155.828 123.9 0.0
189.245 102.589 0.0
163.561 113.06 0.0
197.14 107.331 0.0
157.442 123.185 0.0
122.251 101.201 0.0
175.954 113.904 0.0
